185
533
848
854
138
4
352
731
561
46
42
471
522
567
315
355
604
773
543
518
945
365
61
511
734
404
63
414
772
906
175
749
619
24
764
674
689
647
125
354
234
487
917
850
159
297
278
867
549
121
883
463
34
403
825
225
757
649
501
682
780
973
711
372
439
732
489
708
141
37
495
992
462
667
374
36
449
751
916
940
746
60
335
304
974
871
151
892
568
282
540
109
631
256
999
443
847
79
106
566
750
231
606
166
243
809
235
668
903
279
741
832
702
223
178
152
993
997
341
481
659
932
922
357
951
710
153
828
330
607
259
244
246
59
41
402
623
559
760
592
252
995
255
286
391
698
52
453
812
29
54
815
302
926
119
350
526
873
670
212
915
709
6
260
704
853
961
479
628
572
666
720
146
56
188
838
515
116
134
596
520
660
191
265
954
539
863
324
415
994
3
950
408
221
353
291
405
228
182
8
770
574
202
92
342
267
164
552
311
131
493
72
290
33
886
614
322
378
788
713
629
466
571
396
742
638
84
12
262
394
712
294
595
222
94
398
753
730
562
217
735
532
909
181
977
190
811
880
209
127
86
893
969
878
113
929
366
546
598
716
781
888
441
492
794
639
71
810
580
976
644
385
882
145
170
610
844
970
626
761
156
80
935
978
124
665
841
663
986
184
48
544
332
653
900
949
897
605
288
535
733
555
620
120
383
283
856
591
247
214
309
890
99
510
445
981
474
75
248
796
379
835
229
594
485
777
545
763
339
206
62
881
23
10
677
872
70
204
768
885
108
910
657
579
237
661
675
582
183
326
143
600
564
557
272
864
240
737
643
224
338
226
483
800
849
132
323
136
448
957
652
273
609
868
150
417
101
845
642
519
859
26
517
998
585
899
759
975
987
423
329
762
983
314
436
369
142
509
641
114
254
187
88
615
769
700
538
30
266
887
927
612
877
908
89
676
842
820
7
103
102
919
289
464
20
32
685
44
219
637
905
724
862
656
528
556
527
895
743
534
47
683
472
468
284
858
907
914
18
774
388
869
475
201
40
738
725
457
450
793
695
870
775
860
384
307
494
157
319
427
624
787
186
491
210
722
327
110
97
575
963
625
577
308
432
313
13
514
298
299
925
633
617
691
792
982
213
955
586
454
