789
918
955
872
995
728
822
562
283
863
456
302
620
633
869
592
566
294
38
241
280
115
381
826
490
300
199
669
729
185
912
583
323
696
716
723
512
950
701
817
585
857
460
763
290
377
671
624
837
563
615
222
694
7
856
91
343
173
762
527
836
207
535
100
604
947
137
392
692
740
972
650
815
532
73
655
225
77
515
28
987
601
994
936
678
607
420
54
498
847
184
289
284
653
497
140
509
244
727
764
334
396
60
262
333
22
683
931
113
851
548
925
741
796
886
357
693
53
834
306
705
751
682
413
921
522
358
218
638
347
961
891
362
274
446
75
325
205
412
83
42
397
868
829
481
417
543
444
975
14
843
599
134
440
787
542
580
644
309
698
485
541
365
166
249
163
782
21
664
400
963
603
56
890
712
19
454
867
448
470
536
619
710
734
533
307
602
281
141
719
261
429
221
305
979
58
648
298
895
639
742
668
588
997
957
651
131
150
428
93
421
36
273
151
10
89
70
618
780
441
986
901
606
833
555
934
960
484
324
135
394
332
923
743
561
488
386
767
770
426
344
521
466
102
739
632
12
732
228
451
853
636
595
356
879
802
661
611
670
468
514
953
322
235
146
977
524
704
695
270
708
845
209
179
598
827
243
395
642
686
757
434
877
846
844
297
503
480
801
517
621
168
920
820
264
766
169
554
702
928
525
645
375
596
830
768
3
121
855
667
463
229
118
96
2
477
285
629
622
399
640
924
505
23
329
170
144
278
964
128
219
933
499
340
437
265
594
897
215
917
715
355
711
528
120
998
13
990
943
725
360
838
275
707
68
259
792
33
350
806
572
684
951
65
922
887
398
376
361
954
304
109
765
458
191
730
823
175
72
336
858
510
50
685
744
904
427
840
189
369
999
647
899
859
880
627
850
467
939
416
849
808
892
544
389
308
157
700
976
553
148
958
81
110
161
591
726
500
483
226
26
981
748
530
511
404
155
314
388
232
582
919
186
865
759
720
461
814
781
407
182
956
405
876
546
27
391
735
989
348
860
258
390
32
828
61
147
267
495
724
752
911
910
482
111
217
940
130
794
255
637
942
842
523
738
584
643
37
932
139
628
841
478
190
154
353
974
884
809
790
691
539
271
136
944
303
783
898
848
713
